VAL	WHITE-X	WHITE-Y	WHITE-Z	WHITE-LAB50-X	WHITE-LAB50-Y	WHITE-LAB50-Z	RED-X	RED-Y	RED-Z	RED-LAB50-X	RED-LAB50-Y	RED-LAB50-Z	GREEN-X	GREEN-Y	GREEN-Z	GREEN-LAB50-X	GREEN-LAB50-Y	GREEN-LAB50-Z	BLUE-X	BLUE-Y	BLUE-Z	BLUE-LAB50-X	BLUE-LAB50-Y	BLUE-LAB50-Z
0	0	0	0	0	0	0	0	0	0	0	0	0	0	0	0	0	0	0	0	0	0	0	0	0
1	9.183584	8.169413	20.828671	34.333246	11.387722	-39.628844	3.355308	1.429884	0.169135	12.15518	41.880748	17.763964	1.11541	4.935135	1.162	26.54916	-70.319933	25.058749	3.365635	1.149602	19.167039	10.180256	50.560645	-77.816843
2	30.523033	27.032515	69.730556	59.004411	17.471256	-59.78704	11.673273	4.986249	0.529984	26.695553	63.317157	36.02081	3.623278	16.30551	3.867564	47.372784	-105.684419	37.145849	11.288758	3.8101	64.24812	23.033436	76.355885	-116.714078
3	51.803679	45.885119	118.294021	73.470929	20.824655	-71.275954	20.163147	8.616599	0.832686	35.235379	75.936943	45.113115	6.490232	27.64589	6.666362	59.567464	-122.329794	43.820168	19.257355	6.479789	109.614444	30.592027	91.439047	-139.548318
4	73.286541	64.839786	167.663893	84.40111	23.541641	-80.237378	28.85459	12.339515	1.20462	41.750713	85.514986	50.684858	9.100676	38.984601	9.351765	68.74011	-137.606945	49.307102	27.210892	9.144593	154.865337	36.261208	102.701644	-156.619581
5	94.617527	83.748382	216.462483	93.341106	25.566352	-87.341334	37.789241	16.150263	1.618236	47.171015	93.617469	54.97576	11.761273	50.516308	12.086315	76.385083	-150.241852	53.847575	35.011229	11.785393	200.369176	40.872983	111.568677	-170.790374
6	115.732285	102.470907	264.762224	100.947654	27.28733	-93.38328	46.739886	20.006912	1.922847	51.845025	100.33886	59.842518	14.352619	61.833901	14.747664	82.825011	-160.983071	57.719317	43.036626	14.447253	246.193988	44.867634	119.75379	-183.008464
7	136.922436	121.379068	313.334649	107.738806	28.646207	-98.712429	55.742029	23.869704	2.317323	55.957102	106.365441	63.265755	17.122166	73.441492	17.936484	88.657853	-170.072321	60.179077	50.994261	17.109879	291.734965	48.398186	126.768678	-193.681967
8	158.404174	140.154794	362.272403	113.815726	30.427798	-103.701697	65.10838	27.892466	2.623474	59.791464	111.970762	67.309238	19.573123	84.815149	20.126108	93.803403	-179.434976	64.343495	58.97798	19.781851	337.387108	51.589666	133.099554	-203.310021
9	191.484193	169.474677	437.730952	122.3013	32.353772	-110.393303	78.971964	33.808735	3.190003	64.810469	119.491174	71.695347	23.72075	102.411305	24.634661	100.924976	-190.689653	67.911387	71.303331	23.878666	407.907099	55.966107	141.952583	-216.654687
10	234.197527	207.300028	535.770301	131.907811	34.577788	-118.140583	97.360122	41.660637	3.898722	70.636312	128.186915	77.062229	29.033959	125.604005	30.213082	109.158155	-204.342767	72.694099	87.574994	29.163509	499.006237	60.925663	152.641463	-231.785409
11	276.055246	244.556333	631.552959	140.285119	36.336836	-124.726487	115.981655	49.673396	4.86665	75.868355	135.769136	80.535343	34.376452	148.587812	35.690146	116.368826	-216.013403	76.95493	103.705417	34.484858	590.850445	65.345613	161.660547	-245.275651
12	318.90824	282.20184	729.42332	147.924777	38.392524	-130.946915	134.536172	57.631078	5.407277	80.533245	142.627572	85.795829	39.563446	171.665076	41.144379	122.894582	-227.138134	80.86285	119.743256	39.803459	682.234591	69.329315	169.642339	-257.33827
13	361.054515	319.992985	825.362173	154.937812	39.633522	-136.246089	153.334928	65.628989	6.197032	84.806815	149.104364	89.415073	44.813666	194.342302	46.83489	128.75951	-236.66056	83.975911	135.919408	45.162489	774.448228	72.998758	177.012109	-268.469946
14	403.076729	357.454202	921.332489	161.363721	40.959583	-141.262124	172.133097	73.71158	6.853435	88.785992	154.889104	93.395555	50.076865	217.395107	51.827139	134.270793	-245.811314	87.791388	152.059747	50.58335	866.356782	76.425935	183.606498	-278.631591
15	445.855806	395.125256	1018.75576	167.387439	42.537547	-146.109168	190.793258	81.732391	7.630142	92.456618	160.237813	96.544671	55.428345	240.918648	57.651782	139.50635	-254.543419	90.627542	168.090665	55.835006	957.766806	79.519824	190.043659	-288.189328
16	487.733463	432.674065	1114.159659	173.021676	43.555877	-150.397461	209.707575	89.959039	8.341273	95.979775	165.144901	99.892149	60.816845	263.438141	63.774411	144.208003	-261.751361	92.660955	184.449568	61.238721	1050.687652	82.506909	196.088865	-297.235359
17	531.30681	471.317959	1214.800478	178.489422	44.822377	-154.900078	228.866164	98.195554	9.024042	99.298042	169.997872	103.137374	66.050932	286.531734	69.199367	148.758906	-269.402955	95.443497	200.336489	66.462807	1141.142011	85.231938	201.674838	-305.573386
18	572.32398	507.653854	1307.952719	183.36422	45.975612	-158.71833	248.677898	106.648633	9.278618	102.515846	174.843378	107.794165	71.359341	309.575721	74.736094	153.06237	-276.447433	97.961101	216.575115	71.821914	1233.755366	87.8828	207.041437	-313.654961
19	615.673447	546.248187	1407.096707	188.293552	47.031318	-162.606951	267.911843	115.031259	10.275696	105.542999	179.036289	109.67218	76.534228	332.687428	80.123037	157.168988	-283.469819	100.499176	232.470688	77.180628	1324.518955	90.404687	211.814564	-321.105799
20	656.150226	582.517031	1499.523719	192.718462	47.856706	-166.012196	287.616399	123.305819	11.326087	108.390108	183.591381	111.287354	81.805221	355.784884	85.414331	161.087193	-289.965779	102.987196	248.612441	82.505567	1416.435801	92.797539	216.672462	-328.391752
21	720.658542	640.292805	1647.100488	199.402561	49.131341	-171.202352	316.238704	135.631872	12.166979	112.404006	189.414804	115.715123	89.709833	390.304132	93.663096	166.638517	-299.114302	106.244126	273.629816	90.696921	1558.73879	96.285111	223.906624	-339.109518
22	804.554456	714.663936	1837.814463	207.438811	51.044242	-177.528379	353.597419	151.753748	13.705482	117.302348	196.47272	119.882101	100.514555	437.450434	105.471232	173.714681	-310.756448	110.020871	305.2589	101.205698	1739.16164	100.464342	232.179808	-351.711684
23	887.749858	789.965684	2027.669734	215.025932	52.157025	-183.19456	391.878131	168.192897	15.269374	121.951747	203.309319	123.865992	110.875356	482.619721	116.269077	180.031717	-321.13208	113.743858	337.521512	111.896696	1923.036507	104.428814	240.095394	-363.6995
24	968.712643	862.593674	2212.256857	221.899436	53.465581	-188.479676	431.119695	184.938495	16.681153	126.385936	209.987907	128.101317	121.337846	528.53801	127.119947	186.061419	-331.138136	117.370478	368.415541	122.239988	2099.04288	108.03067	247.060562	-374.413656
25	1052.481531	937.091121	2405.566148	228.559909	54.999881	-193.94844	468.482843	201.093176	18.497279	130.416639	215.754069	130.936433	132.021472	574.728412	138.098516	191.784052	-340.404812	120.769508	401.777165	133.187009	2288.891687	111.627799	254.471998	-385.437498
26	1136.579676	1012.805519	2594.491478	234.976664	56.129521	-198.596501	507.336061	217.754889	19.591432	134.353645	221.576492	135.374338	142.580301	620.635772	149.193783	197.17532	-349.219277	123.867974	434.988305	144.192005	2478.17873	115.05041	261.304461	-395.78722
27	1216.201318	1085.632417	2774.064485	240.85356	56.772632	-202.705346	545.860804	234.249124	21.286729	138.057903	227.087525	138.286824	154.331441	669.455095	161.752357	202.624321	-357.468146	126.608914	466.537317	154.603728	2657.727972	118.131663	267.532637	-405.141373
28	1298.44203	1159.116423	2963.895552	246.522789	58.000909	-207.332423	585.659957	251.255905	23.082669	141.699415	232.543004	141.080621	163.653856	712.803209	171.141263	207.244724	-365.8366	129.822475	497.928456	165.200435	2836.96396	121.128708	273.171594	-413.970226
29	1382.586391	1235.364015	3154.831903	252.157309	58.874492	-211.495522	624.704717	268.020056	24.303394	145.131489	237.58836	144.731441	174.495669	758.871703	182.91792	211.954118	-373.245558	132.220471	530.536424	175.851372	3022.233256	124.014574	279.200704	-422.855317
30	1465.356898	1308.883064	3347.110354	257.37467	60.158023	-215.920496	663.160644	284.726507	25.230814	148.412168	242.194597	148.716072	185.275723	806.812416	194.097793	216.656673	-381.217564	135.119633	562.725763	186.515125	3205.41164	126.789413	284.743152	-431.229074
31	1538.586642	1379.345076	3504.978299	262.194773	59.678168	-218.24933	702.07024	301.39321	27.107226	151.559534	246.872806	150.881591	196.15047	852.454032	205.093276	220.963604	-387.850554	137.614218	594.959331	197.202803	3389.111602	129.466286	290.075216	-439.314932
32	1624.042181	1452.701682	3709.965971	267.041512	61.673552	-223.24135	739.678152	317.515305	28.403797	154.495483	251.221952	153.77729	206.100158	897.446557	215.518034	225.061315	-394.977158	140.164261	627.589683	207.964084	3575.213576	132.065576	295.339629	-447.240862
33	1707.674419	1528.956415	3902.352255	271.90974	62.32322	-226.935494	778.815619	334.333695	30.079339	157.454154	255.563311	156.174522	217.056933	944.545674	226.57965	229.206687	-401.628019	142.677155	657.945922	218.07867	3748.442599	134.428128	299.971705	-454.33547
34	1784.705647	1601.833058	4071.45318	276.413267	62.22096	-229.47147	817.832053	351.155277	31.478604	160.315728	259.709379	158.926146	227.317854	989.3322	238.568874	233.022566	-407.908395	144.400643	691.869491	229.333652	3941.795406	136.972695	305.030615	-462.01444
35	1859.392596	1671.091484	4239.073074	280.568302	62.509635	-232.2403	856.73887	367.837542	33.109191	163.064711	263.780424	161.203009	237.973953	1035.132415	250.113165	236.807503	-413.982711	146.402403	724.139881	240.040121	4125.488259	139.317098	309.692052	-469.075436
36	1936.759227	1743.955253	4409.814692	284.817503	62.538537	-234.766097	895.135166	384.25923	34.79774	165.690725	267.706792	163.264119	248.315298	1081.073943	260.010118	240.493554	-420.221556	148.988813	756.230642	250.618038	4307.968297	141.56585	314.254688	-475.906317
37	2019.316295	1820.541832	4597.012213	289.158082	62.873173	-237.795847	934.442931	401.237432	36.12998	168.328209	271.500478	165.921219	258.869992	1127.472674	270.680934	244.111766	-426.241342	151.269225	788.72846	261.353933	4493.12645	143.784385	318.723117	-482.64168
38	2098.757163	1892.859279	4778.565375	293.146333	63.523627	-240.846812	975.890252	419.040477	37.611278	171.015089	275.452773	168.505777	269.474897	1173.29351	281.858801	247.588755	-431.865541	153.228104	822.474977	272.537886	4685.269886	146.03181	323.203986	-489.423205
39	2172.748826	1959.965491	4949.716722	296.757306	64.175898	-243.751787	1015.341384	435.953577	39.028434	173.498047	279.132473	170.877164	280.683671	1221.566563	293.872137	251.155243	-437.60569	155.156892	853.015215	282.736734	4859.424587	148.028282	327.090079	-495.390832
40	2247.686234	2032.577536	5112.129884	300.572872	63.782549	-245.645195	1054.98367	452.77816	40.531766	175.905084	282.838582	173.051409	290.649996	1264.840773	304.372886	254.273381	-442.694164	156.937269	886.673001	293.936131	5051.154231	150.166057	331.301552	-501.807944
41	2330.707299	2107.332352	5304.50214	304.40725	64.628478	-248.839909	1091.585574	468.817744	42.147402	178.144907	285.875576	174.843489	301.733104	1313.595153	315.54115	257.702335	-448.407756	159.114594	919.145512	304.703744	5236.62469	152.170799	335.295321	-507.884146
42	2406.335884	2178.343853	5475.182726	307.966522	64.757635	-251.206664	1130.729077	485.702997	43.505954	180.448289	289.209752	177.11505	311.649641	1357.268824	325.613841	260.702626	-453.414316	160.994063	949.325358	314.773495	5408.364956	154.003309	338.875278	-513.352913
43	2474.893429	2246.281472	5620.239762	311.300032	64.135733	-252.548218	1171.81215	503.364401	44.871924	182.801118	292.662737	179.497897	323.022609	1405.690575	337.649115	263.954788	-458.546812	162.75397	981.151751	325.38164	5589.656606	155.892002	342.578733	-519.008726
44	2554.803777	2321.713483	5797.66872	314.92344	64.223924	-254.808037	1209.119413	519.192732	46.723755	184.863422	295.845917	180.83789	333.149126	1448.967754	348.81052	266.7988	-463.067755	164.170394	1013.098515	335.932375	5771.197783	157.730182	346.289845	-524.57283
45	2631.419332	2387.888782	5991.934012	318.038112	65.55272	-258.555466	1248.704081	536.24145	47.326549	187.038369	299.011988	183.879213	343.487208	1495.430144	358.793975	269.789783	-468.220633	166.270719	1045.93279	346.848385	5958.699268	159.591928	349.97045	-530.192838
46	2711.630829	2460.513778	6181.743689	321.390816	66.244271	-261.494961	1287.849032	552.962358	49.262613	189.127165	302.152083	185.244645	354.764644	1543.926189	370.787453	272.846317	-473.12794	167.942737	1077.298207	357.297657	6137.395398	161.337825	353.400132	-535.42715
47	2784.287682	2530.094459	6342.323937	324.541649	66.124065	-263.301332	1328.346462	570.849235	50.442001	191.315511	305.026379	187.684178	364.589992	1586.039603	380.864367	275.449064	-477.285452	169.466824	1109.420762	368.052158	6320.580291	163.09953	356.807898	-540.676832
48	2854.163869	2600.937188	6489.571598	327.690829	65.276666	-264.402903	1367.760167	587.475173	52.285249	193.308964	308.173483	189.078112	375.920562	1635.002816	392.620352	278.417864	-482.094782	171.19359	1143.559363	379.438509	6514.986711	164.927726	360.389165	-546.146208
49	2923.20936	2670.393876	6628.405936	330.723356	64.578359	-265.242546	1404.597206	603.310768	53.607621	195.17298	310.908843	190.855619	385.682197	1677.571993	401.941551	280.951173	-486.260709	172.919817	1173.593151	389.361566	6686.368365	166.491377	363.545442	-550.909468
50	3006.493829	2745.477535	6827.805281	333.942981	65.36865	-268.260271	1443.62596	620.232506	55.119716	197.129139	313.684303	192.614582	396.256611	1723.904632	413.00265	283.660202	-490.749112	174.508397	1207.676357	400.739795	6880.107846	168.251973	366.98468	-556.154344
51	3088.296599	2811.334874	7058.206137	336.718996	67.54871	-273.169801	1483.016963	636.933745	56.810798	199.025224	316.61974	194.113539	406.673749	1768.938841	423.810636	286.247183	-494.942348	176.009789	1239.943545	411.572041	7064.570227	169.897384	370.143206	-561.058069
52	3152.081267	2879.630865	7183.452729	339.552385	66.193331	-273.466986	1525.188186	655.261193	58.428491	201.068167	319.490281	195.9751	417.838179	1819.39885	434.919033	289.094207	-499.888018	177.929254	1269.247021	421.292765	7231.319475	171.349551	373.04017	-565.436545
53	3225.352814	2950.199429	7347.019238	342.43338	66.068345	-275.177738	1561.630466	670.91841	59.73691	202.783497	322.014569	197.611602	427.737757	1860.955179	445.561322	291.399597	-503.437432	179.087664	1300.876454	431.910452	7412.251863	172.910411	376.038605	-570.094344
54	3291.200697	3009.771726	7508.402946	344.829892	66.628285	-277.538239	1600.825486	687.862842	60.966613	204.610039	324.637919	199.536791	439.222718	1911.004796	457.425622	294.131049	-507.922681	180.709644	1333.52372	442.737501	7598.016089	174.475925	379.166007	-574.816986
55	3363.632717	3088.555073	7639.875621	347.951158	64.986675	-277.377422	1642.811094	705.827921	62.402898	206.514133	327.485949	201.410724	450.062934	1957.017644	468.79447	296.600429	-511.803109	182.058401	1365.469862	453.388439	7779.827875	175.991265	382.142777	-579.351988
56	3430.853882	3156.800273	7790.524694	350.612294	64.327832	-278.698293	1678.627399	721.344958	63.830493	208.132924	329.791338	202.822545	459.51112	1998.438416	476.883576	298.790472	-515.436051	183.793203	1397.474416	464.097638	7962.765945	177.491151	385.05597	-583.846382
57	3497.184374	3232.103621	7900.636227	353.504514	62.392127	-277.982686	1721.04246	739.488247	66.186365	209.996518	332.582594	203.803922	470.400653	2043.990225	490.176438	301.164273	-519.0731	184.581314	1431.876388	475.66974	8158.876714	179.086177	388.103259	-588.567151
58	3550.102683	3293.175354	7996.092889	355.817313	60.72948	-277.665653	1758.550458	754.983072	69.422429	211.564088	335.250367	203.525837	480.758486	2089.075194	500.462303	303.479267	-522.872465	186.056359	1461.480889	485.443114	8327.509805	180.413245	390.795358	-592.608002
59	3659.406733	3368.451443	8330.066199	358.629023	65.509139	-285.434702	1795.376623	771.479355	68.19456	213.209576	337.281467	207.482765	492.01644	2138.76492	511.35747	305.992439	-527.08891	187.761353	1492.516901	496.145472	8504.907572	181.846179	393.316811	-596.703718
60	3709.540373	3429.481689	8411.973052	360.878028	63.453661	-284.599701	1833.537247	787.675806	69.356593	214.802491	339.739105	209.168999	502.856897	2184.451804	523.27195	308.269034	-530.625703	188.854975	1523.773178	506.596447	8682.411381	183.225704	396.009178	-600.804677
61	3793.816205	3498.240218	8646.739938	363.380087	65.35582	-288.89869	1872.838406	804.822535	70.536471	216.465245	342.040116	210.971414	512.349179	2226.508985	532.181203	310.336867	-534.116843	190.330835	1556.359155	517.243044	8868.213509	184.611677	398.916376	-605.103515
62	3828.740311	3565.141268	8625.226239	365.783279	60.199659	-283.972521	1915.163185	822.770065	72.666654	218.180547	344.696058	212.036806	524.060044	2277.220315	544.933515	312.795859	-538.118269	191.62004	1592.024952	529.108708	9071.333518	186.134119	401.933779	-609.684425
63	3905.020275	3631.808469	8819.426832	368.148347	61.259321	-286.913889	1953.852728	839.613591	74.223463	219.767792	346.912103	213.413942	534.622088	2322.741656	554.758589	314.972283	-541.632738	193.130564	1619.86857	538.550638	9230.409983	187.329396	404.161391	-613.192181
64	3973.902564	3717.062988	8927.596616	371.131012	58.440263	-285.636391	1992.622049	856.131999	75.009712	221.303913	349.248024	215.383047	544.158261	2363.177378	564.012158	316.881834	-544.63273	194.335451	1655.384489	550.478475	9433.57084	188.819564	407.029671	-617.642446
65	4052.277441	3768.545018	9188.810351	372.910103	62.052169	-291.775439	2031.404317	872.929353	76.454633	222.845844	351.446395	216.805302	552.997079	2402.084427	573.476284	318.698741	-547.670201	195.356592	1684.177799	559.992153	9597.461739	189.992766	409.408383	-621.209273
66	4122.487735	3832.956614	9361.013316	375.113335	62.537897	-293.95099	2069.822111	889.437328	77.935982	224.342057	353.648399	218.133631	565.089483	2453.744381	586.005971	321.08112	-551.462419	196.704194	1718.001713	571.474288	9790.000412	191.391151	412.008125	-625.284201
67	4159.435871	3899.413566	9348.048652	377.360809	58.058289	-289.628815	2104.335187	903.849835	79.975661	225.633281	355.763863	218.662574	575.462638	2498.23254	596.98697	323.106106	-554.708203	197.808903	1747.125252	581.153578	9955.84164	192.555491	414.327507	-628.795481
68	4235.276288	3976.281692	9529.184249	379.928748	57.583326	-291.412593	2143.368992	920.636866	81.206309	227.12005	357.942031	220.215814	586.110578	2544.59062	607.582812	325.190788	-558.134169	199.127834	1782.943047	593.043909	10159.427056	193.968239	417.151904	-633.051335
69	4286.166283	4032.982148	9627.781989	381.801811	56.547617	-291.531123	2182.116843	937.616484	82.55823	228.605603	359.96004	221.679107	596.549331	2590.072921	617.88721	327.211622	-561.459144	200.424503	1813.947764	603.794719	10337.710122	195.229429	419.335853	-636.663796
70	4371.796981	4099.635417	9871.255285	383.981343	58.870701	-295.943817	2224.578168	955.477314	84.361405	230.149023	362.421982	222.894171	606.891075	2634.88401	627.840564	329.179628	-564.668059	201.727583	1841.653907	612.9887	10494.929838	196.296163	421.474151	-639.872872
71	4427.389208	4164.814181	9971.825461	386.089932	57.307448	-295.644062	2259.72707	970.707342	85.963555	231.449982	364.271999	223.869596	619.015144	2686.125192	640.395105	331.402873	-568.143972	202.955794	1878.253011	625.083909	10703.754237	197.683389	424.290412	-644.109022
72	4480.970963	4230.983714	10063.884543	388.208188	55.370981	-295.025735	2297.814742	987.088039	86.937483	232.834133	366.300167	225.493179	629.151872	2732.229607	648.167435	333.379206	-571.617579	204.767589	1905.596689	634.303096	10859.643593	198.728785	426.281469	-647.198428
73	4563.748418	4297.047456	10306.798229	390.301138	57.351553	-299.334682	2335.667258	1002.999775	88.179481	234.16407	368.4256	226.82153	639.064936	2770.436577	660.584196	335.000224	-573.723114	205.03952	1936.665973	644.834615	11037.539372	199.910669	428.494453	-650.686212
74	4633.43099	4370.311228	10456.800637	392.597255	56.613293	-300.203054	2378.022609	1021.654575	89.369832	235.705488	370.474234	228.563081	649.126463	2816.933135	670.708116	336.952966	-577.236737	206.372562	1968.895268	655.59011	11220.160778	201.104481	430.846733	-654.238796
75	4649.134469	4425.079564	10381.289417	394.297009	51.338073	-294.848247	2411.261102	1036.022292	90.772128	236.879926	372.161589	229.519178	659.925318	2862.813196	681.755046	338.858865	-580.245176	207.462638	2000.005054	666.343544	11398.622247	202.285081	432.918293	-657.627832
76	4731.329116	4491.216644	10625.306094	396.331003	53.233037	-299.133449	2449.678738	1052.431814	91.855231	238.208057	374.161345	230.991054	672.146212	2913.105957	694.244916	340.92482	-583.325942	208.570224	2032.149127	676.900438	11581.74023	203.431811	435.296324	-661.158266
77	4782.746897	4556.589405	10708.838661	398.321962	51.258515	-298.340743	2493.799318	1071.377004	93.878223	239.724357	376.3977	232.094573	681.009421	2952.493174	703.36844	342.526248	-586.048659	209.556973	2067.182237	688.826549	11781.042414	204.713018	437.665302	-664.878027
78	4839.329426	4610.4487	10854.113129	399.948013	51.46604	-300.095982	2527.207156	1085.578852	95.764865	240.849336	378.122266	232.644665	691.252842	2996.875246	713.535023	344.313785	-588.967579	210.679728	2094.827033	698.126564	11939.223016	205.701881	439.567409	-667.831144
79	4903.474069	4685.563631	10956.727497	402.194775	49.894827	-299.417878	2569.621433	1103.734977	96.387398	242.273347	380.247143	234.645364	702.093443	3042.305507	723.780825	346.125352	-591.762284	211.847388	2126.596065	708.800225	12120.428802	206.826038	441.739395	-671.178746
80	4992.072311	4749.173208	11234.210654	404.078698	52.864967	-304.71239	2602.458206	1117.901627	97.597266	243.373649	381.839263	235.664715	712.537526	3086.722754	735.260816	347.879171	-594.540045	212.701703	2157.23392	719.214685	12294.910263	207.91207	443.759952	-674.346375
81	4997.879617	4812.609472	11087.170326	405.940808	45.560977	-296.992789	2641.249013	1134.558163	99.575742	244.655511	383.729152	236.454997	723.102362	3132.3536	745.107849	349.663476	-597.441228	213.935099	2189.56751	730.104757	12479.857989	209.036543	445.917271	-677.698262
82	5119.330079	4888.782306	11516.708665	408.155291	50.995941	-306.237517	2684.085117	1152.411532	101.158091	246.015623	385.971165	237.677946	733.496339	3177.627513	755.799313	351.416778	-600.331559	214.975293	2220.650674	740.605086	12657.071575	210.110234	447.957902	-680.867647
83	5150.914084	4940.861195	11527.934539	409.656112	48.383682	-303.986898	2721.22101	1168.774133	101.912665	247.249883	387.607676	239.275015	744.052739	3222.745033	766.419571	353.147534	-603.096688	216.008246	2252.256009	751.213161	12837.220725	211.184685	450.043777	-684.071081
84	5204.543671	5013.905867	11596.017449	411.743463	45.899358	-302.427208	2754.204159	1183.04482	102.984484	248.316975	389.133935	240.365119	754.456866	3267.022228	777.200971	354.830419	-605.766456	216.947409	2283.678528	761.905952	13017.092496	212.257529	452.035716	-687.222528
85	5253.877398	5067.795842	11714.229923	413.270482	45.269169	-303.316191	2798.174656	1202.068547	103.772983	249.726214	391.150455	242.246621	764.94806	3312.050366	787.32749	356.526324	-608.496457	218.044676	2314.560892	772.199162	13192.173907	213.28084	454.068548	-690.282129
86	5323.760363	5133.550414	11905.548217	415.119102	45.668464	-305.778786	2837.414633	1218.218204	107.06353	250.910925	393.193059	242.030911	777.132618	3364.581863	799.168944	358.485514	-611.674329	219.306288	2345.806345	782.841217	13370.268573	214.329316	456.010604	-693.337775
87	5368.514288	5196.357374	11957.141232	416.870171	43.441	-304.272935	2869.019375	1232.226323	107.872249	251.930086	394.510406	243.240161	785.836732	3402.736347	808.58787	359.895756	-614.02413	220.069273	2377.00177	793.542153	13549.596462	215.374054	457.901432	-696.390096
88	5414.49526	5256.699697	12021.549482	418.539285	41.681954	-303.278162	2912.754133	1250.708089	108.68466	253.262976	396.59834	244.990573	796.463579	3447.426323	817.726876	361.534218	-616.571082	221.287664	2408.781677	804.293871	13731.338183	216.414334	459.874012	-699.471938
89	5505.865953	5344.579205	12271.385833	420.947402	42.012408	-306.36734	2948.768239	1266.473116	110.319631	254.389599	398.133885	245.839051	806.893576	3491.240492	829.933512	363.126881	-619.043154	221.906397	2439.926861	814.79154	13908.039071	217.421126	461.807114	-702.435217
90	5523.753899	5381.661266	12257.505654	421.955625	39.74951	-304.229322	2986.467193	1282.701071	111.484337	255.53958	399.812256	247.049038	817.70458	3536.558734	840.069223	364.76026	-621.57003	222.972023	2471.030975	825.398729	14086.388696	218.429676	463.671314	-705.399122
91	5604.393214	5452.781752	12475.913016	423.876433	40.804467	-307.172357	3023.162193	1298.246336	113.677972	256.632122	401.508093	247.491827	830.149674	3589.003966	849.54111	366.633187	-624.496207	224.577996	2501.841614	835.734157	14262.549344	219.404109	465.572787	-708.325322
92	5637.59952	5507.054137	12516.145057	425.331004	38.352493	-305.808666	3060.416892	1314.367976	114.280812	257.755999	403.113759	249.036817	840.348851	3633.347496	862.790579	368.202602	-627.081177	225.033419	2539.060795	848.326187	14474.432532	220.580501	467.806428	-711.78742
93	5677.236531	5566.09486	12548.068703	426.90256	36.116033	-304.005244	3099.355551	1331.113535	115.823345	258.913683	404.809549	250.034167	848.923674	3669.891372	870.221242	369.486399	-629.12681	225.994811	2565.153425	857.346352	14623.388977	221.416059	469.283128	-714.174597
94	5706.850524	5629.635315	12543.297362	428.581524	32.255448	-300.975142	3130.300538	1344.202105	117.852018	259.811802	406.211803	250.282669	859.497339	3714.998927	880.426657	371.059342	-631.637882	226.998754	2595.422639	867.682006	14796.661592	222.366299	471.035405	-716.956342
95	5800.049208	5702.597306	12830.491675	430.493928	34.562397	-305.763698	3173.47156	1362.844962	118.774019	261.081039	408.040153	251.885114	871.760908	3767.521243	892.963928	372.874882	-634.556004	228.04867	2639.097227	882.310814	15044.618714	223.69843	473.651973	-720.92519
96	5838.254083	5750.362945	12896.339857	431.737093	33.496056	-305.457191	3209.862607	1377.927969	119.863861	262.09947	409.751977	252.952378	880.500152	3803.899164	901.946879	374.12249	-636.46448	228.72111	2658.940947	889.221447	15159.452155	224.32261	474.728813	-722.727432
97	5880.618684	5813.104095	12961.655297	433.359598	31.240111	-304.47562	3246.224664	1393.900724	121.689226	263.169908	411.188882	253.653837	891.16627	3849.655687	912.552661	375.680501	-638.976968	229.674191	2694.051065	901.269882	15359.419245	225.403155	476.691179	-725.842295
98	5936.379301	5872.849665	13083.460243	434.893821	30.828207	-305.200511	3283.998427	1410.036043	123.118317	264.24297	412.801732	254.616161	901.462231	3892.916186	921.469072	377.142209	-641.251913	230.747662	2725.728156	911.896177	15539.867353	226.348194	478.541161	-728.667942
99	6007.19902	5935.732015	13285.896939	436.497396	31.736364	-307.990781	3321.959902	1426.664225	124.388032	265.340278	414.293064	255.725042	911.904878	3938.267616	932.273677	378.662986	-643.755303	231.629063	2750.862006	920.471991	15683.576167	227.105536	479.944065	-730.885553
100	6083.980856	5993.668078	13526.883128	437.964841	33.820509	-312.000508	3358.11268	1442.025657	124.931355	266.346441	415.836946	257.126368	922.534093	3982.448665	943.898958	380.13333	-646.000565	232.306254	2788.226324	933.072512	15896.66089	228.209819	482.070449	-734.16651
101	6143.699036	6056.467653	13682.820034	439.544831	33.501906	-313.46686	3394.330551	1456.8553	123.337805	267.311016	417.528506	259.770154	933.315065	4026.656598	955.05393	381.593724	-648.176497	233.05574	2813.867673	941.912886	16044.189341	228.978649	483.446691	-736.403596
102	6154.869615	6100.281963	13631.248603	440.640709	29.987924	-310.195083	3423.455953	1469.851622	127.388247	268.150978	418.581643	258.741791	945.376971	4078.652485	966.386198	383.297775	-650.950718	234.211261	2844.287392	952.351821	16217.688791	229.880334	485.087508	-739.010959
103	6207.076127	6187.770747	13653.202883	442.813366	26.256989	-307.038016	3465.638665	1487.888218	129.08778	269.308531	420.314347	259.714053	955.074807	4116.601307	977.499896	384.532344	-652.62528	234.605192	2875.775948	963.074881	16397.728727	230.799727	486.804857	-741.713424
104	6261.42711	6235.643281	13826.769003	443.993551	27.001907	-309.636807	3501.977361	1503.217655	129.861915	270.285012	421.852642	260.934407	966.724456	4168.765459	987.755732	386.21705	-655.53861	235.920746	2912.278389	975.551876	16605.602339	231.860951	488.763663	-744.795346
105	6241.209828	6292.04183	13576.876499	445.376202	18.876824	-300.569256	3533.537249	1516.859926	132.083872	271.148454	423.090197	261.103644	975.583405	4205.855829	997.608349	387.406399	-657.381761	236.45504	2943.413842	986.145025	16783.594453	232.754866	490.440065	-747.427223
106	6288.750343	6351.203155	13677.922477	446.817733	17.747785	-300.796248	3574.73055	1534.658691	132.61069	272.267218	424.696778	262.721884	986.484881	4250.174074	1008.579816	388.818385	-659.454707	237.212704	2974.651663	996.818872	16962.229544	233.649139	492.094055	-750.043997
107	6368.147863	6413.69021	13934.087322	448.330611	19.661489	-305.004762	3604.8188	1547.657218	134.299827	273.078803	425.863148	263.1306	998.839453	4301.749526	1019.403881	390.449284	-661.971886	238.382204	2998.846468	1005.228191	17100.342774	234.349201	493.316722	-752.0323
108	6443.520611	6487.587715	14134.170736	450.10712	19.946661	-307.208439	3640.051321	1562.467109	135.392903	273.997965	427.330469	264.078761	1005.848306	4335.939248	1024.332477	391.523245	-664.057542	239.48987	3028.484646	1015.455237	17269.648023	235.195343	494.832721	-754.466993
109	6461.139377	6531.625571	14107.421054	451.15939	17.258681	-304.692961	3684.811547	1581.771469	137.483802	275.187393	429.050748	264.921257	1019.140467	4390.805333	1039.080784	393.23495	-666.644174	240.228928	3065.907589	1028.176061	17483.569686	236.239919	496.801664	-757.549394
110	6487.715581	6587.266433	14108.329905	452.482169	14.337732	-302.436147	3719.203297	1596.549976	138.800569	276.091439	430.377444	265.725327	1027.566329	4426.419669	1046.594404	394.338423	-668.384801	241.012511	3083.059856	1034.143018	17581.41987	236.726931	497.650966	-758.930165
111	6527.959552	6659.276822	14123.752415	454.183097	11.202477	-299.907891	3749.668515	1609.409355	140.165676	276.873558	431.606494	266.296496	1038.147448	4470.328054	1057.412571	395.690761	-670.449989	241.742414	3121.268335	1047.157902	17799.312427	237.78272	499.629137	-762.024894
112	6572.063259	6703.956705	14252.230197	455.232306	11.25906	-301.456207	3791.702067	1627.544173	141.542559	277.969484	433.189017	267.407104	1050.671352	4523.142678	1070.22776	397.305722	-672.989003	242.643515	3153.23933	1058.195567	17982.209703	238.671278	501.221453	-764.587678
113	6622.462898	6773.297628	14330.957742	456.851432	9.487758	-300.711906	3827.879171	1643.163507	142.446816	278.906888	434.538965	268.514512	1058.769219	4558.389601	1077.604084	398.376518	-674.763925	243.412501	3183.656665	1068.618617	18156.190266	239.504705	502.753989	-767.0202
114	6650.981108	6822.9581	14376.57606	458.004237	7.453803	-299.90718	3853.840384	1654.57418	145.697928	279.587958	435.450709	267.87703	1068.79386	4602.551163	1086.602097	399.710376	-677.016856	244.404853	3220.684796	1081.339439	18367.421469	240.51455	504.596058	-769.943951
115	6713.045661	6879.303407	14562.398895	459.305468	8.203722	-302.456313	3891.547189	1670.550554	144.809845	280.536299	436.920436	270.004304	1079.790179	4646.147191	1097.379555	401.018809	-678.846344	245.104283	3243.687792	1089.305549	18499.185126	241.142914	505.712142	-771.752367
116	6772.377561	6948.355899	14684.100529	460.890504	7.413839	-302.840295	3927.485146	1685.771296	146.018969	281.43418	438.313654	270.882733	1092.88669	4699.228086	1111.705939	402.600906	-681.161285	245.778705	3280.760925	1101.938642	18710.971844	242.133157	507.569875	-774.664473
117	6845.50926	7008.628189	14926.502388	462.265437	8.886535	-306.626741	3971.422	1704.44133	147.77064	282.528186	439.989561	271.805362	1101.517969	4735.17693	1119.655036	403.665621	-682.80155	246.482715	3304.759175	1110.480394	18848.270467	242.79842	508.643302	-776.493585
118	6921.363275	7066.723803	15172.816305	463.583274	10.825296	-310.543085	3997.443113	1715.330981	149.563659	283.162601	441.018078	271.920701	1111.055171	4777.830067	1127.871208	404.921932	-684.976004	247.484658	3326.915607	1118.194497	18975.186311	243.396297	509.687824	-778.200993
119	6892.911024	7105.332473	14933.318109	464.455081	4.2162	-303.023644	4041.062509	1734.17108	150.924295	284.253885	442.585857	273.064911	1121.823762	4822.23979	1138.302055	406.222063	-686.943126	248.256479	3372.680884	1133.700412	19235.938121	244.589807	511.97335	-781.730903
120	6974.983527	7179.745781	15189.220517	466.126509	5.215397	-306.567956	4075.391763	1748.961716	152.367982	285.105085	443.821083	273.755008	1134.582404	4875.445863	1151.544271	407.769246	-689.333026	249.070989	3402.543024	1144.127855	19405.828611	245.386313	513.352066	-783.971105
121	6994.536472	7221.127413	15202.129411	467.051007	3.175424	-305.296238	4103.540873	1760.998121	154.565092	285.794245	444.851371	273.769342	1145.470898	4919.823345	1161.858466	409.051114	-691.231838	249.84761	3427.699181	1152.817091	19551.14685	246.046356	514.538867	-785.90725
122	7003.88333	7287.838771	15063.233156	468.533982	-2.28826	-299.26251	4146.215827	1779.164742	154.988561	286.828476	446.424077	275.327528	1153.61293	4953.823433	1170.43987	410.02802	-692.745873	250.345713	3457.798497	1163.146544	19722.741284	246.826691	515.973577	-788.172307
123	7057.152751	7331.921681	15253.58997	469.508974	-1.215109	-302.341156	4181.137323	1794.202257	155.938895	287.679253	447.661142	276.291003	1163.908026	4995.78172	1178.529195	411.227442	-694.524007	251.300783	3487.843404	1173.597828	19895.19058	247.611542	517.35246	-790.426528
124	7068.711316	7389.148297	15190.168208	470.768856	-5.504403	-298.587575	4216.863809	1809.575911	157.231062	288.544147	448.922227	277.101022	1174.513463	5041.904942	1189.571671	412.538199	-696.70064	252.049718	3519.658848	1184.322384	20075.991298	248.412086	518.9146	-792.806078
125	7086.998755	7442.972038	15153.612534	471.947898	-8.783419	-295.641255	4243.484625	1821.128387	158.563062	289.190851	449.833923	277.517747	1184.884328	5084.192758	1199.146473	413.732954	-698.474242	252.807027	3548.218921	1194.322607	20238.672262	249.154218	520.189937	-794.890287
126	7142.765487	7498.191558	15303.687312	473.151624	-8.492607	-297.306766	4287.102341	1839.268098	160.339469	290.20081	451.508446	278.33386	1197.577716	5136.27957	1211.406878	415.195488	-700.672683	253.670744	3579.645344	1205.294461	20419.856945	249.963706	521.59633	-797.219816
127	7213.067307	7557.305565	15531.211653	474.433713	-7.151931	-300.72138	4312.495106	1850.204545	160.791878	290.80651	452.388039	279.143638	1205.484123	5171.210457	1218.918711	416.170774	-702.333874	254.342017	3608.761742	1215.413469	20585.976225	250.705929	522.907299	-799.336255
128	7219.662951	7593.272771	15511.144382	475.210517	-9.858267	-298.888156	4347.327041	1864.885984	162.815433	291.61588	453.664989	279.495424	1215.947242	5214.084357	1229.084007	417.361847	-704.120004	255.035064	3646.656324	1228.735739	20803.254098	251.676854	524.556062	-802.076802
129	7260.152769	7667.413473	15523.105045	476.804068	-12.794687	-296.435089	4390.436911	1883.553186	163.23745	292.638869	455.118615	281.042629	1226.032508	5257.478991	1239.050582	418.560757	-706.078938	255.775482	3669.266597	1236.439872	20931.968031	252.235131	525.611267	-803.714925
130	7299.378955	7719.052665	15604.597494	477.90792	-13.756981	-296.533971	4414.603047	1893.882383	164.483227	293.202021	455.961122	281.376444	1239.716992	5312.251825	1253.885462	420.064642	-708.235293	256.406805	3706.996635	1249.30738	21146.695803	253.16242	527.359166	-806.431106
131	7355.16335	7775.754771	15776.333107	479.114343	-13.582494	-298.650357	4460.021712	1913.323152	167.029033	294.256411	457.529731	281.902273	1247.49136	5345.063155	1260.325979	420.96059	-709.653686	257.104743	3729.871583	1257.578154	21278.412205	253.755092	528.268565	-808.041664
132	7376.923836	7831.895425	15760.390468	480.303056	-16.617095	-296.212574	4495.042591	1927.723837	168.083735	295.032851	458.868569	282.709511	1257.52443	5388.151065	1269.496592	422.131599	-711.562745	257.922935	3760.5697	1267.9232	21454.291712	254.492756	529.715494	-810.267968
133	7370.203689	7888.12585	15607.665259	481.487989	-22.369306	-290.436671	4519.240013	1938.578787	168.661239	295.615564	459.580132	283.424132	1270.949819	5444.329347	1283.262065	423.64903	-713.929871	258.747567	3790.84657	1278.520078	21627.868918	255.244229	531.014819	-812.405977
134	7444.054435	7956.370017	15815.612272	482.918544	-21.471514	-293.046908	4561.698972	1956.431931	169.846593	296.56924	461.097579	284.475115	1281.312799	5487.036255	1293.484401	424.795615	-715.670588	259.402237	3829.693244	1291.725086	21848.784912	256.174868	532.791216	-815.145055
135	7441.50476	8010.795636	15714.777955	484.053579	-26.607006	-288.633827	4595.662606	1970.94919	172.694752	297.340452	462.250326	284.390446	1289.258747	5520.993087	1299.679774	425.703042	-717.138822	260.168817	3851.267946	1299.493286	21972.885795	256.719381	533.641704	-816.633465
136	7499.208605	8045.782826	15899.101225	484.780517	-24.252063	-291.862346	4627.954171	1984.770586	173.444205	298.071186	463.336734	285.280755	1301.787961	5573.920854	1310.592383	427.110038	-719.371495	261.195299	3888.358395	1312.440776	22183.524694	257.622135	535.219799	-819.175935
137	7520.725981	8116.113615	15840.837648	486.235448	-28.483972	-287.940916	4654.009807	1995.817426	173.517731	298.652794	464.23353	286.247328	1309.895695	5606.930513	1319.13246	427.98304	-720.667832	261.610751	3918.407186	1322.733007	22356.229862	258.335527	536.550317	-821.287403
138	7567.761652	8172.843911	15971.799722	487.402913	-29.071779	-289.099129	4688.02943	2010.614088	176.066394	299.428475	465.3151	286.336148	1323.258992	5660.569891	1333.076099	429.394355	-722.70771	262.274891	3941.457619	1330.921884	22488.944788	258.900488	537.479342	-822.869389
139	7577.680612	8208.398717	15948.753655	488.131851	-31.278871	-287.285567	4731.122915	2029.055882	176.967695	300.389935	466.745533	287.555185	1333.424007	5703.032654	1341.068236	430.50529	-724.438756	263.181816	3978.38362	1344.134745	22700.011186	259.807195	538.933231	-825.350556
140	7593.883316	8271.245784	15850.349543	489.415199	-35.285156	-282.689492	4763.204598	2042.657638	178.607088	301.095333	467.833227	287.97732	1343.292027	5744.822656	1351.695709	431.593253	-726.174942	263.722783	4008.549452	1354.43773	22872.998689	260.510103	540.259335	-827.43478
141	7618.713026	8326.118533	15852.990664	490.530404	-37.758714	-280.830822	4797.617795	2057.296668	179.653283	301.851035	468.983554	288.776049	1354.233504	5788.506401	1361.94773	432.724892	-727.794984	264.392824	4030.572447	1362.063403	22997.84867	261.028062	541.193041	-828.910348
142	7669.107347	8380.529239	16002.576265	491.631392	-37.784103	-282.551346	4823.554183	2068.318702	181.430359	302.417657	469.849259	288.901002	1362.290999	5821.156781	1370.716979	433.566996	-729.036909	264.754043	4060.552393	1372.418383	23169.529449	261.728318	542.466486	-830.946107
143	7731.650228	8436.40466	16219.803055	492.757069	-36.806672	-285.825744	4854.625671	2081.838118	182.214686	303.109922	470.812774	289.720303	1375.717228	5876.411146	1383.271661	434.984948	-731.190742	265.645351	4090.020267	1382.853617	23338.178728	262.430448	543.638014	-832.905809
144	7762.046875	8504.053453	16218.43078	494.113303	-39.83065	-283.45461	4898.661642	2100.609236	184.069132	304.06615	472.256819	290.488332	1386.011416	5919.675086	1392.41028	436.089006	-732.932313	266.424046	4120.344426	1393.421635	23511.971117	263.137921	544.887497	-834.93704
145	7752.114237	8533.87456	16121.692263	494.708878	-43.319062	-280.110898	4920.246754	2109.789218	184.582726	304.531719	472.96603	291.048187	1392.997689	5949.2255	1396.97849	436.840019	-734.13021	267.158449	4149.947164	1403.996632	23680.682955	263.842289	546.02779	-836.863297
146	7762.839713	8586.062738	16089.144208	495.747828	-46.802512	-277.538004	4955.142306	2124.329134	186.2484	305.266364	474.173477	291.530301	1404.575142	5993.314093	1410.291018	437.955904	-735.575673	267.456091	4168.074408	1410.463108	23786.080562	264.27126	546.726377	-838.078175
147	7806.654122	8635.256647	16188.220413	496.723322	-46.952945	-278.23204	4987.155339	2138.049993	187.650733	305.956557	475.193189	292.063423	1415.501636	6037.42658	1421.173274	439.066931	-737.206276	268.04983	4208.750834	1424.455097	24018.081354	265.194989	548.434684	-840.767489
148	7840.919363	8705.343396	16223.234099	498.106733	-49.755814	-276.684184	5031.066472	2156.783114	188.872414	306.894128	476.60359	293.110341	1427.948386	6089.989842	1433.06467	440.383756	-739.304255	268.883513	4238.333877	1435.118225	24187.56429	265.894898	549.532979	-842.671432
149	7877.73192	8738.291843	16351.60878	498.754523	-49.163217	-278.627059	5063.114185	2170.370534	190.014445	307.570771	477.64582	293.746734	1435.611305	6120.820993	1440.104988	441.152622	-740.425848	269.362282	4268.259273	1445.741903	24359.572762	266.588778	550.685448	-844.617301
150	7874.459936	8787.298157	16231.706197	499.715016	-53.603695	-274.113708	5096.050897	2184.595299	190.651955	308.276135	478.656705	294.667813	1449.290974	6177.132578	1452.398452	442.55028	-742.555578	270.299882	4299.207896	1456.302454	24536.056441	267.275175	551.991525	-846.642488
151	7875.689626	8840.109767	16150.853817	500.746101	-57.935112	-270.401277	5127.607346	2197.878757	192.191674	308.932062	479.69456	295.08878	1455.902293	6206.90568	1457.844153	443.285821	-743.852522	270.91858	4337.066751	1469.544248	24752.609646	268.131169	553.491057	-849.082812
152	7963.623761	8907.554689	16444.986864	502.056931	-55.541063	-275.14883	5160.1593	2211.917321	194.31863	309.62241	480.689404	295.304537	1466.634451	6250.204529	1467.156702	444.351327	-745.416023	271.648748	4366.389342	1479.877454	24920.879687	268.795577	554.625646	-850.964556
153	8013.180779	8944.089046	16653.672933	502.764235	-54.082398	-278.850684	5183.864558	2221.70462	194.707121	310.101975	481.503235	295.954149	1477.290769	6292.004097	1477.98969	445.37528	-746.83641	272.132428	4395.885765	1490.072438	25089.392524	269.448074	555.817262	-852.85758
154	7971.848519	8992.20658	16348.549158	503.692857	-61.843106	-270.039951	5226.673808	2239.855648	196.25473	310.987637	482.866199	296.777487	1487.544016	6335.053277	1486.596191	446.425115	-748.495132	272.928627	4417.008636	1497.825314	25210.446422	269.942281	556.543464	-854.165208
155	7984.015741	9057.894764	16247.538156	504.955242	-66.176803	-265.456921	5259.555995	2254.050372	198.172071	311.676927	483.855116	297.099253	1498.213517	6377.656788	1497.865122	447.459409	-749.984449	273.390292	4446.611446	1508.146693	25379.855564	270.597579	557.706756	-856.046219
156	8085.419515	9111.805741	16673.792248	505.986743	-61.435309	-273.766923	5280.435189	2262.996251	198.261433	312.109849	484.494986	297.805415	1511.107276	6432.290547	1510.236421	448.779046	-752.103527	274.222253	4483.956467	1521.388636	25593.616806	271.433938	559.107413	-858.384248
157	8072.43102	9164.555364	16519.22926	506.992092	-66.941219	-268.3955	5312.904044	2276.660537	199.43487	312.768916	485.537997	298.414239	1519.366083	6464.473308	1517.931481	449.552902	-753.163717	274.662729	4512.867152	1531.775754	25759.383495	272.086597	560.150307	-860.175831
158	8094.301417	9215.775913	16533.373376	507.964614	-69.159544	-267.0526	5354.129978	2294.334993	200.802834	313.617503	486.788863	299.264983	1529.583653	6505.87737	1527.614606	450.544722	-754.635127	275.252379	4534.146027	1539.278471	25881.233452	272.556185	560.953864	-861.502315
159	8099.128475	9243.6316	16495.475119	508.491996	-70.997631	-265.248331	5375.995849	2303.763688	201.598456	314.068413	487.438529	299.687551	1539.871089	6547.556299	1535.82652	451.538885	-756.110052	276.019999	4564.393558	1549.895201	26054.624469	273.218077	562.105143	-863.389267
160	8139.107952	9297.170714	16610.80484	509.502667	-71.756826	-266.22513	5420.05415	2322.393393	203.27134	314.95574	488.817776	300.474319	1553.432898	6602.746665	1549.398338	452.848863	-758.07084	276.721749	4594.924107	1560.488407	26228.545203	273.875496	563.295267	-865.279715
161	8193.797872	9346.460993	16798.517933	510.429706	-70.851004	-269.026043	5452.141153	2336.073557	203.674732	315.604305	489.794464	301.413955	1560.40301	6633.120896	1554.789163	453.566703	-759.279061	277.343541	4624.400438	1570.887408	26397.458154	274.517975	564.393968	-867.096083
162	8115.058202	9395.725905	16306.192149	511.353018	-81.89493	-255.824867	5472.723973	2344.909716	205.027352	316.021875	490.406574	301.536823	1571.239663	6674.905128	1566.819347	454.550625	-760.599135	277.670712	4652.60669	1580.930278	26559.078057	275.135766	565.417062	-868.817112
163	8208.143056	9448.353368	16680.408973	512.335791	-77.784784	-262.975529	5503.343607	2357.968859	206.478852	316.637094	491.33174	301.95973	1581.592957	6716.989915	1576.901639	455.537483	-762.074667	278.230036	4681.246426	1591.050026	26722.994086	275.755645	566.47259	-870.562601
164	8220.710835	9495.299106	16638.653914	513.209387	-80.428269	-260.488992	5545.29395	2375.887043	209.165095	317.477537	492.58828	302.236229	1592.345097	6760.241035	1588.01344	456.547405	-763.555393	278.718126	4712.622655	1602.069996	26903.483234	276.427684	567.642031	-872.48942
165	8280.474485	9545.900838	16857.06641	514.147798	-79.153197	-263.980977	5577.782391	2389.489225	209.916796	318.112724	493.612178	303.00506	1602.335882	6801.263549	1596.965651	457.501316	-765.009651	279.357443	4741.169171	1612.279101	27066.80286	277.047529	568.654082	-874.20084
166	8255.573775	9591.837109	16624.876301	514.996821	-85.026228	-257.083376	5597.367404	2397.914265	211.527326	318.504943	494.182234	302.984774	1612.985456	6843.969708	1606.77386	458.490311	-766.452038	279.965422	4778.822087	1625.645892	27281.755913	277.85515	570.00935	-876.450449
167	8290.421132	9661.1255	16668.553878	516.272339	-87.42777	-255.910207	5628.221668	2411.323569	212.737006	319.127309	495.050388	303.536976	1623.362654	6887.32668	1615.466251	459.490178	-768.025343	280.720691	4798.254493	1632.6338	27392.937056	278.275598	570.683169	-877.601834
168	8231.787112	9689.950862	16320.130524	516.801183	-94.922237	-246.763342	5659.431895	2424.26372	213.569175	319.725717	496.0496	304.211557	1637.014804	6942.925485	1628.474254	460.766235	-769.943224	281.477708	4837.49614	1646.479702	27618.066273	279.105146	572.107538	-879.955373
169	8302.126956	9757.946896	16535.329407	518.044532	-94.028354	-249.719587	5691.019732	2437.726107	215.007628	320.346019	496.984363	304.66586	1647.951245	6985.080589	1639.490241	461.72921	-771.238565	281.921917	4857.021109	1653.462668	27729.270564	279.521753	572.789542	-881.098536
170	8324.355643	9789.943249	16632.012202	518.627607	-94.572846	-250.991148	5722.4462	2450.930904	216.100513	320.952238	497.948172	305.245502	1658.103512	7027.648848	1648.317877	462.697699	-772.773702	282.621139	4885.336377	1663.775453	27892.948243	280.134878	573.728204	-882.772195
171	8351.749946	9858.941123	16633.84815	519.880656	-97.552465	-248.873869	5766.906182	2470.102796	217.602706	321.828536	499.20896	306.11899	1665.001638	7054.901314	1653.372821	463.315681	-773.65018	283.132398	4925.56579	1677.745138	28122.59072	280.961389	575.230332	-885.160542
172	8288.932863	9905.696516	16197.786059	520.726447	-106.758575	-237.07622	5785.81172	2478.085673	220.282694	322.192076	499.776394	305.615928	1675.671962	7097.252724	1664.82481	464.272897	-775.021241	283.531339	4954.511001	1688.015614	28288.192657	281.566116	576.25077	-886.854977
173	8369.386871	9934.164632	16602.195606	521.240123	-101.856064	-245.785576	5827.248935	2496.117021	219.844055	323.01036	500.911319	307.211057	1689.591682	7153.738541	1677.679361	465.543669	-776.922421	284.324441	4973.055592	1694.917966	28394.579266	281.97115	576.821268	-887.909367
174	8369.054684	9982.347277	16510.809329	522.107296	-105.623168	-242.135967	5857.927111	2508.454369	222.257204	323.567975	501.94512	307.161583	1696.061372	7181.690165	1682.28628	466.170028	-777.966725	284.905124	5002.659137	1705.279611	28563.626722	282.577118	577.895101	-889.640677
175	8400.497684	10031.799036	16593.211652	522.994413	-106.677951	-242.549488	5874.892866	2515.707821	222.912683	323.894958	502.431473	307.452029	1706.33117	7223.693682	1691.480829	467.108223	-779.391367	285.529018	5031.832213	1715.772909	28731.890818	283.18829	578.878714	-891.339296
176	8468.939862	10100.936111	16798.407667	524.229792	-105.999366	-245.230217	5905.812849	2529.286506	224.18374	324.505396	503.245929	307.976031	1716.417472	7265.05162	1700.938811	468.028452	-780.795578	286.097215	5060.184107	1725.843971	28893.991608	283.772529	579.863197	-892.97339
177	8475.947781	10128.182836	16821.330742	524.715103	-107.478342	-244.928454	5935.82736	2541.832876	224.381884	325.067486	504.156391	308.862949	1727.819453	7309.307451	1712.11052	469.0093	-782.138907	286.590251	5088.717024	1736.271964	29057.881991	284.375085	580.777911	-894.595041
178	8463.629301	10190.372855	16612.237238	525.819562	-113.316485	-238.126247	5965.88969	2554.483736	227.434318	325.632388	505.0488	308.576631	1737.772501	7348.572	1721.273643	469.876216	-783.368056	287.106144	5117.854633	1746.700816	29224.911888	284.975282	581.763698	-896.261451
179	8510.253488	10219.485758	16832.945014	526.335047	-111.465502	-242.406317	5997.494621	2567.98699	227.654733	326.233298	505.944708	309.522115	1748.686558	7392.656177	1730.818041	470.845872	-784.808916	287.762133	5146.197041	1756.927181	29387.506507	285.56151	582.6992	-897.87035
180	8475.735175	10267.479544	16573.698774	527.182711	-118.133171	-234.868757	6028.504694	2581.082345	228.995373	326.814047	506.850019	309.973801	1759.348081	7433.333094	1742.031888	471.73717	-785.986376	288.1101	5185.471267	1770.534305	29611.378064	286.338025	584.129001	-900.122666
181	8463.674452	10315.407184	16417.180081	528.026574	-122.825518	-229.714691	6070.27406	2598.736456	230.950525	327.593866	508.061476	310.52062	1769.287817	7475.601487	1750.83139	472.659902	-787.489379	288.771768	5203.75754	1777.278993	29716.615159	286.721448	584.692209	-901.143452
182	8551.235881	10364.054915	16789.831345	528.880448	-118.869272	-237.011565	6088.482598	2606.509282	231.20104	327.936088	508.573215	311.008774	1779.707771	7515.460175	1760.561005	473.526848	-788.642317	289.24265	5244.339489	1791.587066	29948.864013	287.531636	586.099184	-903.444291
183	8544.892868	10410.278432	16678.573283	529.689299	-122.907155	-233.012622	6116.395633	2618.344109	232.690741	328.455849	509.370939	311.30057	1790.175439	7559.386619	1769.339356	474.478726	-790.159646	289.963302	5262.449704	1798.145814	30053.066083	287.90158	586.682756	-904.459282
184	8497.892981	10476.73682	16290.123364	530.848049	-131.996412	-221.82992	6157.332624	2635.902597	234.113337	329.224102	510.498434	312.050429	1804.239152	7614.876545	1782.996518	475.675927	-791.861966	290.601352	5291.105492	1808.508862	30216.730256	288.484276	587.607452	-906.042937
185	8577.370251	10503.478155	16677.397103	531.312921	-127.08485	-230.185679	6203.423498	2655.773235	236.351555	330.089417	511.742928	312.642826	1814.356846	7656.287503	1791.568972	476.565587	-793.220042	291.243827	5318.972765	1818.70276	30376.824948	289.055293	588.476051	-907.58125
186	8541.900247	10555.153051	16437.158278	532.209008	-134.028238	-222.977064	6218.139289	2661.816369	237.412209	330.351723	512.195289	312.670791	1824.808398	7697.713966	1802.40107	477.452377	-794.493669	291.650435	5358.45436	1832.577323	30602.42493	289.829066	589.838651	-909.787236
187	8570.511905	10599.315854	16496.402853	532.972514	-134.833322	-223.062467	6245.654059	2673.519848	238.12513	330.858595	512.963603	313.260231	1831.440337	7724.119934	1806.899877	478.015974	-795.310725	292.157343	5376.523333	1839.422758	30706.92633	290.209392	590.341607	-910.765425
188	8616.669603	10669.91167	16578.093498	534.188612	-136.076407	-222.893143	6274.392739	2686.087811	239.441756	331.401262	513.699739	313.671981	1841.4491	7764.679623	1815.447853	478.879165	-796.605574	292.764559	5404.850268	1849.593407	30868.133302	290.772726	591.262303	-912.307446
189	8626.526047	10666.633603	16698.985538	534.132263	-134.981492	-225.831024	6292.133588	2693.375841	241.365538	331.715173	514.240367	313.451181	1856.22727	7822.486642	1831.002787	480.104233	-798.320309	293.28056	5434.053792	1859.839357	31035.760719	291.338146	592.265409	-913.936704
190	8581.513788	10736.008387	16308.714901	535.322356	-144.007539	-214.558501	6333.576496	2711.349127	242.097555	332.486911	515.323791	314.492867	1862.773598	7849.522212	1835.628734	480.67511	-799.207512	293.791879	5448.109976	1865.103649	31116.942683	291.627847	592.668164	-914.695025
191	8635.487782	10781.249064	16524.326649	536.09568	-142.670373	-218.337242	6363.117708	2723.888957	243.353191	333.023328	516.143351	314.923534	1872.876422	7888.837832	1845.784514	481.502956	-800.354717	294.183664	5500.770273	1883.904726	31417.865586	292.658069	594.389502	-917.562187
192	8618.614655	10826.191286	16373.176007	536.861763	-147.430421	-213.437392	6378.327013	2730.128999	244.154043	333.289646	516.604012	315.068392	1883.890223	7929.933635	1855.963702	482.365351	-801.44243	294.636435	5530.129324	1894.430523	31586.810887	293.231849	595.334647	-919.166845
193	8627.64109	10892.352946	16307.131136	537.985704	-151.494805	-209.928805	6418.100582	2747.204161	245.364935	334.016325	517.666291	315.847351	1894.037033	7971.72406	1865.468909	483.239272	-802.795872	295.180958	5547.57728	1900.994533	31687.128218	293.588589	595.822745	-920.087641
194	8650.40547	10938.108735	16363.690027	538.760334	-152.868535	-209.938647	6448.53019	2759.807547	247.447837	334.550767	518.560081	315.9572	1904.832045	8013.836376	1875.721992	484.116841	-804.020302	295.659717	5575.595143	1910.963383	31847.282548	294.128809	596.738324	-921.601501
195	8611.374866	10981.071849	16086.643836	539.485722	-159.366741	-202.067756	6462.615642	2766.159737	247.530624	334.819513	518.878332	316.388391	1914.89209	8054.932672	1884.818795	484.970278	-805.323575	296.216661	5589.131196	1916.431749	31926.287383	294.424346	597.027866	-922.295198
196	8659.596623	11006.986248	16323.621576	539.922345	-157.084727	-206.982361	6491.684591	2778.449403	248.386389	335.338293	519.68286	316.950785	1925.528276	8095.742021	1895.194238	485.814889	-806.461795	296.633431	5632.512264	1931.733936	32174.110935	295.248375	598.469572	-924.635985
197	8661.558423	11049.079433	16255.676172	540.630101	-159.966323	-204.142795	6533.840935	2796.061136	250.592586	336.079072	520.883372	317.375443	1935.53878	8136.633609	1902.906219	486.658359	-807.750707	297.317527	5661.666276	1942.210562	32341.568857	295.810039	599.390108	-926.198392
198	8694.610673	11095.916904	16374.899334	541.415517	-160.506986	-205.627022	6549.698688	2803.110582	251.227569	336.374711	521.256862	317.640716	1946.359147	8177.516606	1914.157837	487.498832	-808.845927	297.646691	5689.785202	1952.383712	32502.239145	296.353503	600.259604	-927.681398
199	8670.700725	11162.265836	16119.85266	542.524347	-167.343592	-197.626286	6590.671124	2820.368517	253.279181	337.096388	522.391404	318.097978	1956.657054	8217.312716	1924.02853	488.314274	-809.963983	298.073756	5717.758758	1962.425733	32662.670868	296.888114	601.140171	-929.16813
200	8681.090817	11182.810543	16166.685819	542.866801	-167.925279	-198.158728	6608.455143	2828.03737	253.035891	337.416133	522.850349	318.742367	1967.155294	8258.670278	1934.056787	489.158927	-811.169957	298.53898	5745.750345	1972.750944	32824.014394	297.435903	601.955609	-930.637889
201	8681.753105	11228.632092	16113.562617	543.62908	-171.153974	-195.570598	6638.292103	2840.559453	253.903357	337.936988	523.680165	319.308694	1977.422939	8298.865258	1942.542137	489.977137	-812.323805	299.113771	5774.328729	1983.020593	32988.141797	297.978852	602.847877	-932.149546
202	8693.662776	11271.430785	16094.249454	544.3392	-173.190547	-193.882443	6678.069085	2857.241736	256.779455	338.628513	524.784415	319.406604	1991.589067	8357.050134	1954.476859	491.156884	-814.148479	299.976201	5802.960671	1993.474885	33151.62144	298.529641	603.701732	-933.629967
203	8702.832068	11338.01809	16029.502385	545.440457	-177.149381	-190.426096	6690.320399	2862.704184	257.431372	338.854361	525.065833	319.549076	1997.920104	8382.466605	1959.446959	491.670506	-814.910228	300.375254	5831.346651	2003.824514	33313.9979	299.073021	604.549324	-935.098867
204	8695.978284	11381.916659	15915.694583	546.164119	-180.857545	-186.430318	6716.219894	2873.341191	258.52622	339.293331	525.82157	319.89217	2008.144368	8422.186759	1967.978551	492.471105	-816.022429	300.922391	5858.846452	2014.0575	33472.588806	299.608442	605.32179	-936.517871
205	8713.392456	11402.237458	15995.263741	546.498475	-180.802981	-187.776547	6756.289287	2890.341724	259.647186	339.992668	526.890321	320.675511	2022.660971	8478.934267	1981.445554	493.610552	-817.626966	301.576637	5887.646582	2024.291685	33637.313143	300.142114	606.237129	-938.02265
206	8705.536769	11469.511238	15849.329135	547.602563	-186.236481	-182.341683	6783.827212	2901.975156	261.425554	340.469644	527.631196	320.830231	2033.014245	8521.027718	1990.451741	494.452477	-818.907136	302.155252	5914.991912	2034.194227	33793.79239	300.656783	607.062253	-939.431497
207	8739.223143	11514.003472	15953.900489	548.330394	-186.484175	-183.619365	6798.396521	2907.932459	261.963883	340.713403	528.057139	321.048996	2033.953667	8521.786517	1991.847294	494.467628	-818.759715	302.046339	5943.835903	2044.557754	33959.025296	301.193625	607.948455	-940.922886
208	8741.43173	11504.363458	16030.591675	548.172856	-185.615946	-185.741303	6838.403861	2925.322921	263.291301	341.423081	529.042185	321.776876	2049.704767	8585.901123	2006.227434	495.744617	-820.706915	302.860253	5971.833438	2054.967675	34120.418633	301.731047	608.728357	-942.349553
209	8683.695967	11578.164361	15621.152368	549.376682	-195.760963	-173.717829	6865.157409	2936.684551	264.505446	341.885214	529.745729	322.121709	2060.389867	8626.377386	2015.547553	496.547525	-821.765072	303.348653	5999.071606	2064.97304	34276.565731	302.245876	609.512389	-943.731627
210	8751.717202	11616.235241	15903.575303	549.995687	-192.592351	-179.530755	6879.478654	2942.531396	265.978734	342.122569	530.162675	321.984387	2071.069743	8667.12054	2026.739016	497.353194	-822.844594	303.665568	6039.163435	2079.180448	34506.4104	302.974073	610.777409	-945.804566
211	8732.90081	11682.132228	15685.472902	551.063937	-198.808429	-172.382945	6906.492779	2954.023293	266.288303	342.588173	530.866655	322.672566	2085.558055	8724.863294	2039.9126	498.490705	-824.514176	304.369778	6055.01557	2085.259369	34597.626896	303.284633	611.174654	-946.585954
212	8753.696171	11702.942915	15796.775938	551.400462	-198.478056	-174.516615	6934.641654	2966.513515	267.180705	343.092857	531.508546	323.212888	2095.936486	8766.507317	2049.170222	499.307966	-825.729801	304.898726	6082.972269	2095.632858	34758.198863	303.813203	611.950325	-947.987093
213	8750.154113	11746.54612	15717.041576	552.104268	-201.814846	-171.360306	6977.229698	2984.146989	270.108839	343.802955	532.695707	323.360115	2102.482139	8790.086542	2055.022353	499.769559	-826.26829	305.13958	6110.161736	2105.742715	34914.329401	304.326665	612.698345	-949.343499
214	8728.603018	11788.45878	15530.959091	552.779147	-206.569992	-165.636832	7004.167319	2995.627114	271.484818	344.263757	533.38746	323.651149	2113.289358	8830.337038	2065.993081	500.55561	-827.267114	305.457248	6137.377998	2115.820826	35070.874128	304.836881	613.454488	-950.704749
215	8796.7993	11834.539274	15828.648445	553.519293	-203.928568	-171.638251	7017.995993	3001.107042	272.494572	344.483301	533.813241	323.6613	2127.332142	8887.506819	2076.393784	501.667982	-828.969294	306.394836	6165.631608	2126.049378	35232.117401	305.353059	614.288346	-952.116017
216	8742.68257	11899.851117	15413.152421	554.56505	-213.061373	-159.652019	7043.827523	3012.30857	271.599212	344.931241	534.440669	324.760205	2133.604039	8910.806181	2083.623878	502.119958	-829.540652	306.494575	6193.128795	2136.206077	35389.929102	305.863976	615.054033	-953.480593
217	8736.951804	11920.152779	15371.763823	554.889335	-214.950067	-158.068554	7069.613603	3023.334146	273.987102	345.371062	535.092362	324.649088	2144.350168	8950.77162	2093.42906	502.893401	-830.521717	306.909053	6220.831025	2146.384715	35549.586747	306.374374	615.835216	-954.865547
218	8716.32036	11984.667244	15151.075712	555.917408	-221.150539	-150.802791	7096.891887	3034.908748	275.449883	345.831635	535.79529	324.913075	2154.531283	8991.387103	2101.379018	503.67707	-831.677799	307.517156	6249.358936	2156.888465	35713.444109	306.899385	616.63303	-956.277843
219	8745.576646	12029.366909	15257.785928	556.62756	-221.703672	-152.241165	7123.542543	3046.253096	276.504948	346.281911	536.474109	325.308226	2168.954871	9049.837953	2115.317051	504.800737	-833.385519	308.156293	6276.166871	2166.714805	35867.36561	307.388997	617.390414	-957.604199
220	8722.212617	12041.748491	15136.748686	556.823957	-224.55254	-148.881318	7148.740535	3056.674551	278.718508	346.694572	537.166269	325.223108	2175.256477	9071.784535	2122.479679	505.221392	-833.833086	308.216634	6303.144682	2176.991702	36022.157664	307.899477	618.067788	-958.900597
221	8740.102206	12108.833739	15121.748229	557.885733	-227.595676	-146.675121	7189.295045	3073.624085	279.135261	347.363728	538.246514	326.227319	2185.380061	9111.889831	2129.531702	505.988349	-834.950599	308.885776	6314.389446	2181.33887	36086.454501	308.114929	618.33617	-959.431376
222	8743.008047	12128.786492	15132.414387	558.200773	-228.70472	-146.39901	7214.897591	3084.549478	280.351675	347.793752	538.888151	326.533212	2197.099858	9153.414081	2142.262633	506.780074	-835.838254	309.07525	6359.375339	2197.404231	36344.601696	308.908676	619.689622	-961.674555
223	8754.737839	12169.055102	15146.397118	558.835536	-230.436658	-145.654504	7241.439492	3095.977815	282.393521	348.242487	539.534462	326.578649	2207.162934	9192.188127	2151.318971	507.517203	-836.854666	309.512736	6398.216978	2211.828065	36568.201486	309.61803	620.736608	-963.566093
224	8727.767326	12231.26493	14893.433996	559.813417	-236.961773	-137.604574	7252.442304	3100.877413	282.918453	348.434532	539.774572	326.723106	2216.984536	9231.981173	2157.635567	508.271552	-838.003479	310.233425	6414.402054	2217.921889	36661.109361	309.916793	621.154271	-964.341381
225	8742.423741	12272.66431	14920.295102	560.462341	-238.502899	-137.164903	7281.311353	3112.984004	283.752606	348.908197	540.529706	327.243638	2227.464902	9272.141236	2168.743611	509.030664	-839.038625	310.525173	6442.435672	2228.051051	36822.045707	310.412189	621.966095	-965.717344
226	8743.108431	12288.168438	14933.747571	560.704988	-239.490154	-137.086374	7309.039355	3124.600961	284.993259	349.361552	541.254887	327.585912	2238.371083	9313.094106	2178.631116	509.802508	-840.045204	310.953544	6468.646088	2237.799873	36972.3032	310.887568	622.664807	-966.973985
227	8736.005459	12328.070209	14844.073913	561.328533	-242.786319	-133.74214	7336.410289	3136.29683	285.760016	349.816853	541.930541	328.100007	2248.153389	9352.671048	2185.967841	510.546272	-841.176263	311.568065	6496.624437	2248.263635	37133.065758	311.396276	623.397022	-968.312103
228	8729.1699	12391.822478	14703.342429	562.322004	-247.654397	-128.449608	7363.361095	3147.913241	287.012022	350.267941	542.577453	328.436433	2258.530044	9392.665994	2194.626088	511.295764	-842.212515	312.074087	6523.263752	2258.208517	37285.755938	311.878296	624.096487	-969.579088
229	8751.523184	12407.283944	14826.282717	562.562432	-246.775958	-131.163445	7391.076198	3159.466554	288.22298	350.71548	543.306564	328.782428	2269.205522	9432.721111	2205.87849	512.044253	-843.18826	312.345905	6563.273965	2272.879727	37515.378323	312.586821	625.199383	-971.501887
230	8746.064913	12448.604601	14762.500986	563.203993	-250.008556	-128.436468	7418.338198	3170.854879	289.871223	351.155562	544.017888	328.96378	2283.864691	9491.307305	2218.4373	513.135217	-844.811855	313.09401	6577.323549	2278.3016	37595.830122	312.847891	625.529762	-972.150418
231	8745.520407	12491.772413	14720.151758	563.872719	-252.937619	-126.204723	7455.812936	3187.221003	291.40491	351.78616	544.874691	329.515702	2289.45835	9512.054551	2223.256307	513.520486	-845.301143	313.324703	6605.432953	2288.747346	37758.091785	313.349701	626.272998	-973.496318
232	8716.321283	12530.438559	14521.868774	564.470401	-258.01681	-120.095625	7464.172113	3190.642422	292.989406	351.917716	545.103424	329.191444	2299.660076	9551.709245	2231.625282	514.255303	-846.337048	313.840164	6633.381461	2298.788396	37917.354889	313.830633	627.08143	-974.831204
233	8716.869986	12594.044378	14415.006251	565.45092	-262.196098	-115.648819	7500.222075	3205.985278	293.579276	352.506509	545.990664	330.001957	2314.790902	9610.991197	2246.703762	515.350038	-847.906078	314.378441	6673.404361	2313.514773	38147.61121	314.533449	628.164241	-976.737503
234	8713.812341	12611.281926	14406.551797	565.716078	-263.601434	-114.973009	7509.337619	3209.695108	295.24433	352.648595	546.242565	329.670742	2320.75855	9632.489712	2250.869171	515.745929	-848.374048	314.689363	6686.89073	2318.985418	38225.80122	314.793775	628.424108	-977.344632
235	8719.007254	12652.626713	14385.534634	566.351083	-265.89272	-113.334271	7548.947118	3226.60087	296.192001	353.294697	547.205318	330.457737	2330.574853	9671.469932	2257.561267	516.462244	-849.429054	315.32826	6713.888774	2329.018819	38380.792483	315.270163	629.131661	-978.612204
236	8718.068099	12689.931371	14321.325874	566.922851	-268.437818	-110.683526	7574.813554	3237.514265	296.554418	353.710586	547.852991	331.049927	2345.750288	9731.927161	2272.566117	517.56943	-851.070394	315.904848	6754.703958	2343.674452	38614.211171	315.963563	630.302807	-980.552056
237	8703.807413	12730.518143	14183.823178	567.543652	-272.337991	-106.03091	7584.430906	3241.686486	296.60849	353.869335	548.074636	331.305011	2351.595177	9751.631021	2277.765314	517.929286	-851.419178	316.064996	6769.218098	2349.413257	38698.196776	316.234295	630.61112	-981.210313
238	8699.471405	12770.51564	14106.118426	568.154151	-275.341969	-102.943687	7610.852706	3252.418843	298.84794	354.277065	548.802044	331.238799	2361.441384	9791.163972	2284.867413	518.649827	-852.504042	316.679677	6795.523248	2359.386731	38849.405406	316.703753	631.255964	-982.422332
239	8691.759309	12837.532122	13997.243844	569.1742	-280.401609	-98.321575	7636.61493	3263.288074	301.028339	354.689081	549.443413	331.203943	2371.350062	9830.371796	2291.800167	519.362528	-853.547958	317.297062	6835.751025	2374.231028	39080.847988	317.40004	632.322109	-984.305739
240	8681.979863	12846.444928	13970.743872	569.309593	-281.826333	-97.388943	7662.220144	3274.639998	301.547676	355.118419	549.990006	331.76721	2382.702379	9869.944241	2303.443772	520.079939	-854.323625	317.509875	6849.000079	2379.625923	39157.569167	317.652374	632.570565	-984.89028
241	8672.738469	12883.716076	13895.254518	569.875096	-285.05928	-94.41731	7702.348278	3291.486079	302.903732	355.753726	550.997737	332.401428	2397.595766	9929.658031	2317.740216	521.158872	-855.946098	318.117384	6858.062392	2383.199613	39209.135459	317.819316	632.763888	-985.287
242	8659.432283	12948.494964	13726.757875	570.855375	-290.430918	-88.244353	7712.478616	3295.810634	303.686686	355.916466	551.239923	332.41639	2408.503139	9969.431841	2329.817451	521.875123	-856.823664	318.298046	6902.848606	2399.775518	39466.607677	318.591468	633.935444	-987.364738
243	8671.246847	12963.266044	13811.734183	571.078443	-290.374563	-90.125088	7736.689386	3306.109249	304.685225	356.303446	551.823816	332.745497	2419.435398	10008.901027	2340.598512	522.584008	-857.671121	318.582226	6929.62767	2409.72914	39620.709027	319.053428	634.625513	-988.60153
244	8637.59923	13024.207583	13518.679153	571.996976	-297.235027	-80.689266	7762.748294	3316.743475	306.706904	356.702195	552.52364	332.750718	2424.463305	10028.606549	2342.890584	522.937231	-858.180337	318.992175	6956.880346	2419.900537	39777.409442	319.524183	635.318011	-989.852052
245	8660.634463	13037.644428	13669.798429	572.199115	-296.119288	-84.403872	7788.000942	3327.405825	308.859892	357.101144	553.142613	332.715258	2434.688393	10068.061524	2352.15707	523.643076	-859.166379	319.405717	6983.339549	2429.973229	39928.998207	319.989072	635.949762	-991.040273
246	8645.410201	13078.427574	13551.097172	572.811793	-300.072998	-80.158568	7811.386921	3337.208122	310.048521	357.467161	553.726162	332.948438	2444.959426	10107.521375	2360.059493	524.347167	-860.141405	319.936167	7010.566039	2440.074788	40085.595753	320.454005	636.650813	-992.288882
247	8639.725741	13115.244253	13459.712658	573.363791	-302.94289	-76.739053	7831.845081	3346.109944	310.539836	357.798934	554.183206	333.356294	2460.786883	10165.964178	2374.987735	525.386615	-861.458868	320.441293	7018.416635	2443.500741	40130.90686	320.611395	636.751094	-992.609747
248	8632.433077	13154.796164	13390.719193	573.955648	-306.123701	-73.848063	7868.302594	3361.525142	311.694139	358.372073	555.067561	333.95945	2466.458821	10185.361386	2380.229886	525.730728	-861.811949	320.583923	7045.387521	2453.638025	40286.298109	321.07625	637.418199	-993.835902
249	8627.077749	13192.627214	13318.869173	574.520646	-309.021678	-70.919095	7874.523763	3364.019598	313.0294	358.464652	555.239941	333.674879	2481.100913	10244.979298	2393.516223	526.785642	-863.449465	321.26347	7105.722563	2475.33116	40632.218148	322.066724	639.099001	-996.623287
250	8578.376876	13255.869602	12971.180145	575.462748	-317.298516	-59.734481	7896.013296	3372.929572	314.323938	358.794964	555.787737	333.814944	2487.011551	10264.265955	2399.636353	527.126035	-863.745418	321.326986	7117.726614	2480.332708	40701.510489	322.294265	639.298008	-997.128332
251	8599.830625	13266.290493	13120.116158	575.617697	-316.10718	-63.583238	7933.663158	3388.958363	315.615538	359.387725	556.67831	334.409655	2497.415129	10303.604231	2408.783432	527.819002	-864.675262	321.741194	7144.034537	2490.402912	40853.053493	322.751475	639.908255	-998.299026
252	8579.443179	13301.584976	12964.043981	576.141892	-320.133378	-58.365544	7941.682983	3392.292066	316.470658	359.510773	556.880463	334.339556	2507.628954	10342.434389	2416.882657	528.501291	-865.602147	322.228056	7171.628518	2500.557816	41011.326511	323.211283	640.62667	-999.547073
253	8538.203851	13368.098054	12676.355995	577.127231	-327.962829	-48.623228	7965.497893	3402.112384	317.201069	359.872779	557.492461	334.723016	2518.002481	10381.208713	2426.135766	529.180897	-866.491567	322.613944	7197.86216	2510.594232	41162.895729	323.664505	641.233938	-1000.715119
254	8558.126201	13379.059836	12795.434238	577.289307	-326.92942	-51.687701	8004.57561	3418.682528	319.2221	360.482026	558.421653	335.109388	2528.914635	10419.856152	2435.470393	529.856597	-867.26427	322.988196	7224.284451	2520.65247	41314.40139	324.117501	641.854307	-1001.877958
255	8554.33819	13416.809619	12732.373432	577.846783	-329.66145	-48.95828	8012.038848	3421.569238	319.017166	360.587962	558.642712	335.359244	2543.511545	10479.592334	2447.627026	530.897727	-868.89915	323.756467	7250.418564	2530.594041	41464.80971	324.564061	642.468197	-1003.033121
